Speaker (initial): Representation with 550 tokens
Dimensions: {'F1': (6.49619248159925, 0.48732031630895556), 'F2': (11.78997290791279, 0.5073049102886081)}

Interlocutor: Representation with 550 tokens
Dimensions: {'F1': (5.924023410899053, 0.48672991657343795), 'F2': (11.194631960613336, 0.4949891071157531)}

6.1823799894289735	11.467574644735555
5.931720237071806	12.103636172718558
5.987359147433963	11.858258376833328
5.9851627877726665	11.774080365503991
5.958585462997888	11.739863101099921
5.960014066072961	11.683957205581038
6.105762927434622	11.611055335668011
6.117300154811768	11.578899240295248
6.150293395831536	11.716931561946934
6.147141049003104	11.683083078954418
6.146282328926847	11.62747264392961
6.140863554936342	11.615698187320067
6.140066775032004	11.580249867729721
6.119041548625362	11.565439383902342
6.0855734897818134	11.580612783689933
6.077449730093534	11.565871932296448
6.081180654208021	11.527293818105012
6.100297809636826	11.487929989339722
6.1456365082658735	11.47531609074959
6.1339924729500135	11.48376387472876
